100013594271689
1451921324
100009463112905
100010476631668
100010563006283
100014720322513
100012852606328
100002908959291
100014696640774
619772284
100015588198862
100011669814719
714090047
100003101295645
100001493324747
100013868238839
100017443056841
100010642692724
100015103925308
103200440
100002603408765
100002341117811
100027134183430
100012893892115
100002291956465
1271870055
100004405902319
100000178437819
100022461561493
1023207514
100011415579988
100022271681843
100024980772257
100004918086354
100012952533142
680809024
1656156902
100017651292361
100011064181654
100012882485129
100014245513877
100015108604650
1354973636
100011545092452
100012244532247
100010164720564
100023479268355
548007493
100023529774127
100026151488425
100002121801269
100000103045080
724243597
100012125566834
100001852938936
100013869469385
796397899
100010458825676
100010592315632
100003153024355
100013825665367
100002494177905
100001230138531
100012865770874
100012675132786
100011445069735
100027564773541
100010055206364
100008297702043
100000776750761
624143828
100010144421428
100015923882866
100011238346408
100010284130853
100009904488141
100023540779336
100011710289896
100013501264148
100000300726123
100010342302573
100001675550301
100014922634865
1371380639
100010184320773
100000389365248
100004062645110
